0,2713.602783,10.721502,7.155064,10.264793
8,2662.874756,5.253433,7.207555,5.038323
18,41.121723,11.121861,6.791143,4.513371
58,28.216722,8.751137,5.442978,5.305052
107,11.080803,9.794016,5.425660,5.775724
125,0.373685,10.195089,6.349424,4.917343
2247,0.149436,9.583799,5.739923,5.088854
120398,0.070389,9.618454,5.802419,5.059740
156405,0.038894,9.768248,5.987157,4.969980
1168699,0.023718,9.795336,5.960629,5.030192
1576401,0.017583,9.788343,5.960018,5.035351
3855305,0.009576,9.765893,5.949703,5.031367
8408197,0.006329,9.804707,5.985717,5.016786
minimum chi2 = 0.006329
at best parameters = 9.804707,5.985717,5.016786
